29173.31
28981.19
29475.03
29499.18
30322.18
30145.83
29991.26
30252.41
30311.12
30455.12
30165.6
30158.08
30251.24
30285.6
30408.94
30330.49
29161.04
28959.98
29305.3
29193.28
29199.86
29126.22
29244.06
29261.93
29426.57
29319.09
29273.3
29313.15
29511.61
29404.18
29456.52
29343.24
29432.47
29486.22
29367.56
29362.76
29418.5
30055.51
29880.83
30009.71
29821.24
29927.29
29916.35
30006.99
30309.4
30181.68
30143.91
30260.24
30468.38
30445.3
30392.08
30356.76
30365.77
30087.13
29172.88
29356.87
29101.12
29209.16
29284.71
29334.95
29380.18
29292.22
29253.15
28991.3
29388.22
29342.58
29363.23
29585.39
29653.13
29724.23
30139.42
29878.84
29712.43
29797.47
29407.76
29669.47
29629.93
29700.04
29640.58
29810.08
29564.78
29664.35
29801.37
29713.34
