37975.9
38001.44
37950.89
37939.97
38488.61
38402.93
37867.38
38329.82
38472.19
38538.91
38686.55
38991.26
38884.79
38818.78
38543.51
38953.84
38680.46
38371.27
38548.26
38670.58
38528.11
38510.66
38505.22
38525.43
38552.07
38464.2
38554.22
38350.32
38322.94
38112.55
37727.88
37811.0
37748.01
37886.57
38026.2
38086.94
38673.25
38879.82
39003.07
38760.81
38962.93
39085.77
39822.46
39759.5
39699.27
39644.54
39723.92
39614.96
39595.9
39476.77
39488.72
39056.26
36927.4
36849.91
36304.72
36484.32
36573.18
36316.97
36429.22
36494.05
36370.44
36393.67
35852.01
35685.04
36035.4
35941.9
36013.06
35983.9
36042.5
36021.06
35863.52
35889.63
35934.91
35999.84
36057.15
35917.77
35974.99
35904.09
35885.67
35106.37
35490.54
34884.45
34505.46
34451.61
